[ZONE_0]
DETECTION=0.498206
START=0.558327
END=0.648326

[ZONE_1]
DETECTION=0.836618
START=0.867369
END=0.980774

